1206507
1206514
1206520
1206525
1206540
1206557
1206568
1206583
1206586
1206603
1206613
1206617
1206624
1206627
1206653
1206665
1206667
1206712
1206735
1206740
1206741
1206744
1206762
1206764
1206769
1206775
1206806
1206817
1206827
1206842
1206844
1206850
1206852
1206859
1206864
1206874
1206892
1206912
1206920
1206929
1206939
1206949
1206962
1206974
1207029
1207043
1207070
1207145
1207164
1207181
1207200
1207241
1207261
1207278
1207292
1207319
1207342
1207376
1207404
1207419
1207432
1207439
1207445
1207473
1207474
1207479
1207529
1207533
1207547
1207568
1207600
1207601
1207608
1207616
1207619
1207626
1207646
1207659
1207666
1207725
1207736
1207747
1207752
1207792
1207796
1207802
1207807
1207824
1207843
1207853
1207872
1207879
1207895
1207913
1207925
1207937
1207994
1208013
1208041
1208051
1208059
1208064
1208110
1208114
1208115
1208129
1208131
1208137
1208139
1208151
1208197
1208210
1208258
1208259
1208262
1208265
1208294
1208296
1208302
1208356
1208362
1208365
1208381
1208384
1208396
1208402
1208448
1208463
1208465
1208482
1208483
1208515
1208518
1208523
1208574
1208582
1208586
1208596
1208633
1208653
1208654
1208682
1208716
1208726
1208727
1208731
1208755
1208770
1208783
1208784
1208797
1208805
1208820
1208846
1208858
1208877
1208883
1208907
1208911
1208987
1209012
1209035
1209043
1209053
1209082
1209130
1209134
1209167
1209176
1209195
1209210
1209218
1209219
1209224
1209243
1209246
1209320
1209332
1209361
1209387
1209397
1209421
1209454
1209460
1209466
1209476
1209490
1209521
1209543
1209557
1209593
1209598
1209606
1209614
1209669
1209681
1209695
1209705
1209716
1209721
1209744
1209763
1209768
1209796
1209799
1209800
1209808
1209817
1209841
1209849
1209883
1209902
1209921
1209926
1209927
1209928
1209994
1210000
1210047
1210076
1210089
1210099
1210104
1210106
1210129
1210162
1210181
1210198
1210221
1210250
1210257
1210296
1210356
1210357
1210367
1210417
1210436
1210441
1210458
1210467
1210478
1210484
1210487
1210507
1210529
1210572
1210573
1210578
1210585
1210599
1210600
1210613
1210618
1210649
1210686
1210702
1210718
1210721
1210723
1210724
1210727
1210728
1210730
1210735
1210737
1210769
1210780
1210801
1210804
1210808
1210855
1210865
1210876
1210902
1210945
1210954
1210977
1210985
1211024
1211047
1211067
1211131
1211147
1211153
1211167
1211173
1211190
1211194
1211208
1211259
1211281
1211329
1211352
1211360
1211372
1211383
1211384
1211389
1211405
1211521
1211529
1211535
1211589
1211594
1211596
1211703
1211710
1211734
1211742
1211772
1211785
1211793
1211807
1211841
1211849
1211851
1211852
1211866
1211889
1211891
1211916
1211933
1211966
1211984
1211996
1212000
1212032
1212038
1212044
1212075
1212081
1212114
1212125
1212144
1212146
1212148
1212154
1212164
1212167
1212169
1212172
1212200
1212216
1212233
1212259
1212291
1212301
1212305
1212341
1212342
1212362
1212375
1212400
1212440
1212442
1212453
1212490
1212514
1212534
1212539
1212552
1212555
1212583
1212597
1212607
1212609
1212621
1212627
1212628
1212630
1212701
1212707
1212763
1212785
1212797
1212809
1212829
1212850
1212875
1212901
1212941
1212971
1212972
1212976
1213003
1213012
1213014
1213024
1213031
1213042
1213049
1213063
1213085
1213097
1213102
1213114
1213143
1213149
1213154
1213161
1213172
1213193
1213196
1213209
1213258
1213279
1213288
1213306
1213308
1213311
1213315
1213398
1213403
1213429
1213437
1213440
1213443
1213472
1213488
1213496
1213508
1213535
1213572
1213590
1213602
1213614
1213616
1213622
1213675
1213684
1213709
1213712
1213729
1213736
1213739
1213791
1213812
1213814
1213857
1213915
1213959
1213967
1213969
1214002
1214009
1214046
1214055
1214064
1214074
1214100
1214132
1214166
1214175
1214183
1214195
1214207
1214251
1214301
1214303
1214313
1214329
1214330
1214395
1214437
1214470
1214478
1214500
1214512
1214539
1214554
1214560
1214570
1214625
1214652
1214684
1214718
1214730
1214732
1214802
1214826
1214830
1214836
1214845
1214897
1214970
1214972
1215030
1215057
1215068
1215073
1215079
1215114
1215126
1215134
1215142
1215149
1215195
1215196
1215281
1215294
1215320
1215336
1215355
1215359
1215401
1215410
1215422
1215424
1215500
1215520
1215560
1215648
1215697
1215716
1215778
1215792
1215800
1215805
1215832
1215858
1215973
1215992
1215997
1216093
1216103
1216192
1216239
1216246
1216263
1216267
1216391
1216393
1216405
1216421
1216429
1216431
1216454
1216494
1216503
1216555
1216611
1216612
1216613
1216628
1216672
1216684
1216685
1216699
1216723
1216727
1216730
1216774
1216777
1216782
1216784
1216801
1216840
1216856
1216875
1216927
1216934
1216944
1216986
1216987
1217023
1217025
1217031
1217039
1217042
1217045
1217066
1217090
1217126
1217129
1217134
1217135
1217167
1217175
1217184
1217214
1217275
1217281
1217295
1217301
1217322
1217330
1217332
1217353
1217382
1217393
1217441
1217486
1217492
1217494
1217513
1217526
1217613
1217624
1217627
1217639
1217712
1217737
1217738
1217741
1217777
1217788
1217814
1217818
1217842
1217866
1217887
1217904
1217913
1217938
1217941
1217943
1217949
1217962
1217963
1217984
1218001
1218008
1218029
1218030
1218052
1218069
1218084
1218086
1218101
1218120
1218144
1218178
1218205
1218215
1218233
1218262
1218268
1218291
1218320
1218377
1218410
1218418
1218440
1218505
1218524
1218556
1218564
1218599
1218617
1218671
1218715
1218716
1218723
1218732
1218736
1218776
1218781
1218785
1218802
1218803
1218836
1218856
1218875
1218881
1218901
1218908
1218911
1218936
1218958
1219026
1219035
1219044
1219055
1219065
1219122
1219186
1219202
1219203
1219207
1219209
1219235
1219266
1219269
1219292
1219320
1219333
1219351
1219353
1219366
1219375
1219377
1219402
1219404
1219405
1219423
1219446
1219468
1219470
1219483
1219517
1219538
1219542
1219543
1219561
1219575
1219580
1219603
1219607
1219619
1219635
1219645
1219653
1219670
1219681
1219721
1219725
1219751
1219757
1219772
1219773
1219791
1219830
1219871
1219881
1219901
1219938
1219975
1219976
1219981
1219993
1220016
1220040
1220041
1220043
1220058
1220068
1220069
1220075
1220082
1220146
1220174
1220191
1220192
1220194
1220198
1220212
1220216
1220233
1220250
1220258
1220267
1220274
1220283
1220309
1220312
1220338
1220343
1220379
1220380
1220458
1220477
1220510
1220522
1220543
1220588
1220650
1220670
1220692
1220696
1220706
1220769
1220789
1220797
1220799
1220803
1220824
1220830
1220837
1220853
1220857
1220873
1220893
1220898
1220908
1220914
1220931
1220951
1220971
1220989
1220991
1220996
1221013
1221028
1221034
1221060
1221061
1221088
1221090
1221109
1221149
1221164
1221174
1221186
1221190
1221200
1221212
1221220
1221221
1221226
1221229
1221248
1221251
1221259
1221263
1221273
1221287
1221291
1221299
1221305
1221307
1221314
1221323
1221349
1221372
1221376
1221394
1221398
1221400
1221419
1221465
1221487
1221489
1221517
1221518
1221525
1221544
1221558
1221571
1221599
1221607
1221620
1221629
1221642
1221659
1221697
1221698
1221714
1221726
1221752
1221758
1221759
1221767
1221775
1221801
1221826
1221843
1221866
1221880
1221935
1221936
1221951
1221965
1221970
1221999
1222010
1222015
1222030
1222038
1222061
1222080
1222111
1222124
1222125
1222127
1222133
1222172
1222213
1222217
1222219
1222221
1222228
1222233
1222239
1222251
1222256
1222274
1222292
1222310
1222313
1222321
1222325
1222337
1222339
1222364
1222382
1222399
1222435
1222521
1222529
1222554
1222563
1222582
1222595
1222606
1222608
1222625
1222630
1222633
1222638
1222666
1222669
1222672
1222675
1222677
1222699
1222745
1222752
1222756
1222760
1222761
1222775
1222792
1222808
1222826
1222855
1222857
1222888
1222907
1222955
1222984
1223051
1223063
1223090
1223095
1223107
1223138
1223151
1223155
1223157
1223176
1223187
1223212
1223218
1223225
1223243
1223244
1223330
1223331
1223340
1223352
1223353
1223371
1223400
1223401
1223413
1223415
1223418
1223429
1223437
1223444
1223453
1223485
1223487
1223495
1223500
1223506
1223509
1223511
1223527
1223537
1223575
1223579
1223589
1223593
1223596
1223614
1223629
1223663
1223674
1223681
1223686
1223689
1223691
1223701
1223733
1223767
1223769
1223789
1223824
1223865
1223904
1223908
1223910
1223933
1223950
1223986
1223989
1223997
1224004
1224034
1224061
1224106
1224137
1224153
1224172
1224199
1224230
1224238
1224252
1224271
1224284
1224285
1224309
1224331
1224359
1224399
1224418
1224451
1224462
1224511
1224522
1224575
1224583
1224592
1224595
1224596
1224605
1224610
1224625
1224635
1224636
1224640
1224698
1224715
1224719
1224722
1224794
1224802
1224814
1224823
1224835
1224854
1224855
1224910
1224931
1224946
1224977
1224982
1224987
1224994
1224998
1225002
1225005
1225014
1225022
1225051
1225074
1225078
1225107
1225114
1225122
1225124
1225127
1225146
1225151
1225152
1225176
1225179
1225219
1225257
1225293
1225324
1225340
1225363
1225381
1225392
1225396
1225397
1225410
1225421
1225444
1225480
1225491
1225495
1225496
1225500
1225536
1225554
1225587
1225629
1225632
1225663
1225726
1225750
1225754
1225760
1225782
1225788
1225802
1225842
1225847
1225848
1225896
1225898
1225910
1225912
1225919
1225924
1225955
1225956
1225968
1225972
1225984
1225990
1226009
1226017
1226029
1226041
1226059
1226069
1226071
1226086
1226112
1226113
1226115
1226150
1226166
1226167
1226171
1226178
1226189
1226198
1226201
1226202
1226212
1226251
1226264
1226270
1226291
1226305
1226308
1226312
1226317
1226329
1226342
1226368
1226370
1226381
1226392
1226396
1226449
1226450
1226454
1226459
1226489
1226520
1226570
1226581
1226618
1226625
1226638
1226639
1226641
1226693
1226714
1226715
1226719
1226781
1226797
1226807
1226854
1226860
1226903
1226921
1226927
1226991
1227026
1227037
1227056
1227102
1227159
1227185
1227220
1227235
1227243
1227270
1227285
1227302
1227310
1227336
1227360
1227366
1227403
1227412
1227426
1227459
1227468
1227493
1227497
1227518
1227530
1227532
1227533
1227541
1227564
1227585
1227591
1227674
1227692
1227705
1227715
1227727
1227739
1227740
1227760
1227800
1227802
1227804
1227823
1227826
1227828
1227834
1227847
1227850
1227898
1227924
1227932
1227953
1227972
1227974
1227997
1228044
1228071
1228086
1228103
1228104
1228107
1228120
1228121
1228158
1228189
1228196
1228250
1228257
1228260
1228261
1228272
1228277
1228282
1228302
1228309
1228316
1228331
1228332
1228349
1228353
1228358
1228368
1228371
1228386
1228387
1228388
1228390
1228392
1228408
1228425
1228449
1228450
1228464
1228466
1228469
1228494
1228510
1228511
1228523
1228525
1228527
1228534
1228537
1228541
1228551
1228582
1228584
1228622
1228754
1228791
1228795
1228799
1228802
1228803
1228843
1228875
1228914
1228927
1228977
1229065
1229074
1229096
1229120
1229138
1229149
1229185
1229202
1229220
1229292
1229308
1229325
1229336
1229338
1229364
1229389
1229405
1229408
1229436
1229457
1229465
1229492
1229526
1229541
1229542
1229552
1229558
1229560
1229567
1229573
1229576
1229594
1229625
1229633
1229652
1229669
1229676
1229696
1229710
1229730
1229734
1229740
1229746
1229791
1229800
1229827
1229869
1229920
1229926
1229930
1229945
1229986
1230003
1230025
1230036
1230048
1230099
1230101
1230107
1230116
1230125
1230144
1230146
1230156
1230160
1230195
1230196
1230206
1230212
1230251
1230256
1230267
1230268
1230273
1230290
1230306
1230317
1230386
1230401
1230405
1230437
1230441
1230448
1230455
1230459
1230467
1230481
1230500
1230502
1230505
1230528
1230529
1230557
1230567
1230569
1230584
1230611
1230624
1230632
1230640
1230660
1230683
1230760
1230775
1230779
1230782
1230816
1230817
1230820
1230824
1230837
1230850
1230887
1230892
1230899
1230921
1230939
1230944
1231009
1231018
1231020
1231031
1231051
1231056
1231059
1231064
1231070
1231076
1231122
1231133
1231159
1231178
1231197
1231200
1231213
1231217
1231227
1231242
1231253
1231268
1231288
1231293
1231297
1231306
1231347
1231352
1231357
1231381
1231385
1231402
1231417
1231432
1231451
1231494
1231509
1231515
1231531
1231590
1231593
1231601
1231615
1231646
1231651
1231652
1231669
1231671
1231699
1231712
1231726
1231728
1231742
1231753
1231777
1231805
1231814
1231824
1231833
1231845
1231849
1231889
1231895
1231917
1231919
1231926
1231932
1231939
1231941
1231952
1231957
1231965
1231975
1231976
1231980
1231981
1232024
1232031
1232054
1232106
1232122
1232126
1232128
1232144
1232161
1232162
1232168
1232170
1232186
1232187
1232198
1232215
1232220
1232257
1232277
1232307
1232309
1232313
1232321
1232339
1232361
1232369
1232378
1232384
1232429
1232434
1232440
1232454
1232459
1232475
1232497
1232533
1232544
1232550
1232556
1232567
1232570
1232576
1232581
1232590
1232602
1232616
1232645
1232652
1232673
1232674
1232722
1232749
1232752
1232754
1232761
1232841
1232850
1232891
1232925
1232936
1232944
1232949
1232964
1232979
1232983
1232995
1233009
1233033
1233061
1233077
1233116
1233123
1233127
1233140
1233152
1233160
1233175
1233203
1233232
1233240
1233244
1233250
1233251
1233259
1233267
1233297
1233307
1233312
1233321
1233322
1233350
1233364
1233380
1233385
1233401
1233426
1233434
1233435
1233455
1233470
1233481
1233486
1233510
1233513
1233525
1233530
1233533
1233556
1233574
1233576
1233584
1233593
1233629
1233633
1233654
1233669
1233674
1233675
1233678
1233698
1233740
1233757
1233762
1233775
1233777
1233828
1233856
1233892
1233899
1233910
1233952
1233956
1233976
1233985
1234000
1234017
1234019
1234038
1234047
1234060
1234069
1234085
1234087
1234101
1234106
1234115
1234119
1234128
1234129
1234134
1234145
1234166
1234188
1234219
1234237
1234248
1234254
1234259
1234307
1234321
1234354
1234376
1234387
1234389
1234392
1234425
1234431
1234447
1234451
1234458
1234459
1234471
1234501
1234526
1234533
1234552
1234553
1234584
1234591
1234621
1234624
1234627
1234654
1234662
1234675
1234679
1234688
1234711
1234804
1234864
1234875
1234881
1234914
1234924
1234951
1234953
1234962
1235001
1235004
1235016
1235037
1235051
1235073
1235080
1235089
1235101
1235105
1235120
1235123
1235125
1235133
1235180
1235181
1235188
1235191
1235203
1235204
1235223
1235251
1235290
1235302
1235323
1235324
1235358
1235382
1235387
1235405
1235416
1235431
1235432
1235452
1235455
1235476
1235477
1235544
1235604
1235614
1235634
1235666
1235683
1235700
1235717
1235737
1235764
1235779
1235816
1235827
1235841
1235842
1235859
1235868
1235881
1235886
1235938
1235945
1235947
1235948
1235952
1235954
1235969
1235973
1235983
1235993
1236009
1236047
1236052
1236074
1236082
1236095
1236107
1236130
1236134
1236160
1236168
1236213
1236214
1236215
1236216
1236220
1236238
1236242
1236255
1236284
1236314
1236351
1236393
1236399
1236441
1236442
1236452
1236455
1236506
1236514
1236519
1236526
1236546
1236557
1236561
1236564
1236569
1236601
1236602
1236615
1236631
1236648
1236674
1236675
1236685
1236717
1236728
1236737
1236769
1236773
1236826
1236833
1236852
1236863
1236879
1236941
1236943
1236970
1236992
1237012
1237030
1237039
1237072
1237089
1237091
1237151
1237163
1237173
1237185
1237198
1237210
1237242
1237255
1237261
1237300
1237328
1237329
1237350
1237376
1237379
1237382
1237408
1237427
1237441
1237478
1237484
1237498
1237516
1237525
1237574
1237612
1237616
1237622
1237657
1237677
1237697
1237709
1237751
1237771
1237795
1237828
1237858
1237865
1237872
1237884
1237914
1237938
1237939
1237947
1237977
1237985
1238051
1238052
1238053
1238055
1238068
1238084
1238086
1238097
1238114
1238161
1238175
1238195
1238232
1238247
1238288
1238293
1238299
1238332
1238338
1238347
1238351
1238365
1238371
1238411
1238432
1238461
1238483
1238486
1238497
1238503
1238565
1238567
1238610
1238612
1238643
1238657
1238668
1238689
1238691
1238700
1238717
1238726
1238730
1238746
1238761
1238769
1238798
1238803
1238815
1238830
1238844
1238855
1238881
1238890
1238948
1238957
1238958
1238964
1238981
1238996
1239005
1239010
1239015
1239037
1239051
1239062
1239099
1239128
1239131
1239140
1239155
1239161
1239184
1239188
1239205
1239217
1239221
1239226
1239308
1239345
1239378
1239396
1239404
1239413
1239418
1239434
1239494
1239503
1239510
1239520
1239531
1239542
1239580
1239590
1239593
1239607
1239615
1239671
1239711
1239727
1239747
1239760
1239766
1239781
1239800
1239810
1239813
1239839
1239854
1239863
1239911
1239951
1239967
1239984
1239985
1239995
1240041
1240052
1240065
1240104
1240112
1240124
1240129
1240131
1240146
1240148
1240158
1240182
1240185
1240197
1240202
1240221
1240245
1240276
1240295
1240300
1240380
1240387
1240395
1240471
1240525
1240527
1240542
1240544
1240558
1240599
1240601
1240612
1240644
1240650
1240653
1240665
1240681
1240691
1240696
1240763
1240780
1240788
1240804
1240828
1240862
1240913
1240919
1240924
1240954
1240973
1241017
1241018
1241028
1241041
1241062
1241064
1241066
1241068
1241076
1241159
1241194
1241200
1241234
1241263
1241298
1241321
1241322
1241333
1241346
1241352
1241379
1241380
1241401
1241425
1241447
1241462
1241478
1241482
1241494
1241515
1241544
1241554
1241578
1241579
1241581
1241603
1241604
1241618
1241655
1241697
1241712
1241720
1241747
1241756
1241770
1241799
1241834
1241856
1241858
1241861
1241946
1241958
1242026
1242039
1242049
1242094
1242116
1242132
1242208
1242228
1242264
1242272
1242277
1242295
1242339
1242424
1242435
1242450
1242548
1242594
1242600
1242671
1242685
1242707
1242736
1242783
1242825
1242836
1242854
1242927
1243027
1243032
1243079
1243121
1243131
1243141
1243145
1243223
1243320
1243325
1243374
1243390
1243412
1243425
1243455
1243479
1243482
1243585
1243604
1243615
1243643
1243659
1243667
1243698
1243699
1243705
1243723
1243747
1243748
1243791
1243829
1243834
1243873
1243910
1243917
1243924
1243929
1243940
1243993
1244015
1244017
1244047
1244065
1244097
1244098
1244099
1244102
1244122
1244164
1244296
1244303
1244315
1244335
1244343
1244370
1244460
1244475
1244489
1244497
1244568
1244576
1244644
1244674
1244700
1244751
1244752
1244759
1244821
1244845
1244853
1244866
1244919
1244929
1244944
1244963
1244984
1245001
1245045
1245086
1245104
1245169
1245236
1245255
1245257
1245293
1245297
1245345
1245379
1245403
1245455
1245468
1245515
1245517
1245521
1245554
1245579
1245595
1245635
1245644
1245647
1245673
1245676
1245707
1245762
1245842
1245874
1245890
1245911
1245927
1246001
1246010
1246029
1246068
1246093
1246116
1246118
1246142
1246165
1246196
1246207
1246211
1246240
1246259
1246267
1246315
1246368
1246402
1246513
1246541
1246564
1246572
1246609
1246613
1246717
1246746
1246764
1246803
1246849
1246883
1246889
1246896
1246903
1246906
1246921
1246944
1246971
1246989
1246991
1247004
1247026
1247103
1247148
1247154
1247197
1247201
1247237
1247255
1247275
1247286
1247291
1247378
1247507
1247525
1247579
1247621
1247624
1247664
1247666
1247667
1247681
1247764
1247779
1247781
1247820
1247821
1247830
1247843
1247853
1247855
1247873
1247906
1247922
1248001
1248015
1248025
1248033
1248044
1248064
1248088
1248109
1248230
1248242
1248270
1248315
1248325
1248363
1248392
1248404
1248436
1248478
1248506
1248523
1248564
1248598
1248618
1248694
1248731
1248753
1248774
1248789
1248798
1248813
1248831
1248847
1248892
1248893
1248934
1248955
1248959
1248968
1248970
1248993
1249031
1249045
1249046
1249104
1249162
1249205
1249214
1249249
1249259
1249307
1249310
1249341
1249375
1249396
1249407
1249438
1249446
1249472
1249492
1249506
1249512
1249563
1249565
1249583
1249592
1249616
1249658
1249719
1249740
1249775
1249805
1249823
1249842
1249845
1249853
1249900
1249906
1249947
1249963
1249992
1249993
1250022
1250045
1250057
1250063
1250084
1250129
1250131
1250142
1250218
1250256
1250313
1250355
1250365
1250374
1250375
1250423
1250462
1250473
1250492
1250534
1250556
1250573
1250577
1250579
1250582
1250601
1250646
1250676
1250748
1250759
1250763
1250790
1250817
1250828
1250830
1250860
1250879
1250912
1250920
1250944
1250965
1250980
1250995
1251015
1251019
1251033
1251074
1251079
1251081
1251085
1251119
1251160
1251167
1251171
1251172
1251184
1251257
1251260
1251269
1251383
1251437
1251440
1251513
1251550
1251733
1251756
1251849
1251851
1251859
1251862
1251868
1251929
1251948
1251956
1252032
1252035
1252054
1252056
1252088
1252215
1252234
1252251
1252275
1252318
1252427
1252505
1252695
1252716
1252750
1252778
1252845
1252940
1252963
1253063
1253080
1253111
1253203
1253209
1253216
1253403
1253407
1253471
1253557
1253694
1253728
1253764
1253781
1253793
1253795
1253862
1253923
1254004
1254044
1254054
1254102
1254123
1254127
1254244
1254265
1254278
1254330
1254345
1254429
1254459
1254518
1254551
1254557
1254570
1254617
1254713
1254843
1254871
1254873
1254914
1254990
1255045
1255087
1255145
1255184
1255295
1255431
1255438
1255474
1255497
1255529
1255582
1255593
1255619
1255631
1255652
1255748
1255867
1255976
1256015
1256079
1256169
1256436
1256482
1256483
1256484
1256490
1256635
1256705
1256718
1256769
1256829
1256915
1256921
1256935
1256969
1257005
1257014
1257045
1257157
1257237
1257265
1257284
1257346
1257359
1257389
1257486
1257508
1257512
1257554
1257607
1257718
1257813
1257889
1257902
1257936
1257961
1258055
1258152
1258255
1258311
1258314
1258521
1258522
1258567
1258589
1258647
1258686
1258927
1258984
1259044
1259123
1259168
1259265
1259283
1259287
1259376
1259392
1259421
1259527
1259533
1259563
1259610
1259624
1259670
1259702
1259709
1259711
1259781
1259809
1259858
1259890
1259973
1260003
1260082
1260193
1260302
1260343
1260397
1260447
1260549
1260577
1260589
1260593
1260607
1260608
1260647
1260655
1260731
1260841
1260902
1261184
1261218
1261282
1261283
1261286
1261387
1261440
1261452
1261534
1261554
1261605
1261607
1261803
1261813
1261919
1261982
1262002
1262009
1262046
1262047
1262048
1262050
1262199
1262261
1262301
1262352
1262359
1262434
1262521
1262663
1262709
1262710
1262760
1262822
1262823
1262824
1262825
1262827
1262831
1262832
1262835
1262836
1262838
1262841
1262843
1262844
1262846
1262847
1262848
1262849
1262851
1262854
1262855
1262856
1262857
1262861
1262862
1262865
1262866
1262867
1262869
1262871
1262873
1262874
1262875
1262877
1262878
1262881
1262883
1262884
1262885
1262889
1262890
1262891
1262892
1262894
1262895
1262898
1262900
1262905
1262906
1262907
1262908
1262909
1262910
1262911
1262916
1262918
1262919
1262921
1262923
1262924
1262925
1262926
1262930
1262931
1262934
1262935
1262937
1262938
1262939
1262940
1262944
1262946
1262947
1262952
1262953
1262954
1262955
1262957
1262958
1262959
1262961
1262963
1262965
1262967
1262968
1262974
1262975
1262976
1262978
1262979
1262981
1262983
1262984
1262987
1262988
1262992
1262993
1262997
1262998
1262999
1263001
1263002
1263004
1263005
1263009
1263012
1263013
1263014
1263015
1263016
1263019
1263021
1263024
1263026
1263028
1263029
1263030
1263031
1263032
1263035
1263038
1263039
1263040
1263042
1263043
1263046
1263048
1263050
1263054
1263055
1263056
1263057
1263058
1263062
1263063
1263066
1263067
1263069
1263070
1263071
1263075
1263076
1263078
1263080
1263081
1263082
1263083
1263084
1263087
1263089
1263090
1263091
1263095
1263096
1263098
1263101
1263102
1263103
1263105
1263107
1263111
1263112
1263113
1263114
1263117
1263119
1263123
1263124
1263126
1263128
1263132
1263133
1263135
1263136
1263139
1263140
1263142
1263143
1263146
1263147
1263148
1263153
1263155
1263156
1263157
1263158
1263159
1263160
1263161
1263163
1263165
1263168
1263170
1263171
1263172
1263173
1263176
1263177
1263178
1263182
1263184
1263185
1263187
1263191
1263192
1263193
1263195
1263196
1263197
1263200
1263201
1263203
1263205
1263209
1263210
1263211
1263214
1263215
1263217
1263219
1263221
1263222
1263226
1263227
1263228
1263231
1263233
1263234
1263235
1263236
1263237
1263239
1263240
1263241
1263242
1263245
1263248
1263250
1263251
1263252
1263253
1263256
1263258
1263261
1263262
1263264
1263267
1263270
1263271
1263273
1263274
1263277
1263279
1263280
1263281
1263284
1263285
1263288
1263289
1263290
1263292
1263293
1263294
1263296
1263299
1263301
1263304
1263306
1263307
1263309
1263312
1263313
1263314
1263316
1263318
1263322
1263324
1263326
1263327
1263328
1263330
1263332
1263334
1263339
1263340
1263342
1263345
1263346
1263347
1263348
1263349
1263350
1263351
1263355
1263356
1263358
1263359
1263361
1263362
1263366
1263367
1263369
1263370
1263371
1263372
1263373
1263374
1263379
1263381
1263382
1263383
1263384
1263385
1263387
1263389
1263391
1263392
1263394
1263396
1263399
1263400
1263401
1263403
1263404
1263407
1263408
1263409
1263413
1263414
1263415
1263416
1263417
1263422
1263423
1263425
1263426
1263427
1263428
1263430
1263432
1263435
1263436
1263438
1263441
1263443
1263445
1263448
1263449
1263451
1263452
1263453
1263454
1263455
1263458
1263459
1263460
1263466
1263467
1263468
1263470
1263472
1263474
1263476
1263480
1263481
1263482
1263483
1263484
1263487
1263489
1263490
1263491
1263493
1263495
1263496
1263497
1263501
1263504
1263505
1263506
1263509
1263510
1263514
1263515
1263516
1263517
1263518
1263519
1263523
1263524
1263525
1263526
1263530
1263531
1263532
1263533
1263538
1263539
1263540
1263542
1263543
1263544
1263546
1263548
1263551
1263552
1263553
1263555
1263557
1263560
1263562
1263563
1263564
1263565
1263567
1263569
1263571
1263573
1263575
1263577
1263579
1263581
1263582
1263585
1263588
1263589
1263590
1263591
1263592
1263595
1263597
1263599
1263603
1263604
1263605
1263606
1263607
1263609
1263613
1263614
1263615
1263616
1263617
1263620
1263623
1263625
1263628
1263629
1263631
1263632
1263633
1263634
1263636
1263638
1263642
1263643
1263644
1263645
1263646
1263647
1263649
1263652
1263653
1263655
1263656
1263657
1263661
1263663
1263665
1263666
1263668
1263669
1263670
1263671
1263675
1263676
1263678
1263683
1263684
1263685
1263687
1263688
1263691
1263693
1263695
1263697
1263698
1263700
1263703
1263705
1263706
1263708
1263713
1263714
1263715
1263717
1263719
1263720
1263721
1263722
1263723
1263724
1263727
1263730
1263732
1263734
1263735
1263736
1263737
1263739
1263742
1263744
1263746
1263748
1263749
1263750
1263751
1263756
1263758
1263759
1263760
1263761
1263762
1263763
1263765
1263768
1263769
1263773
1263774
1263775
1263776
1263777
1263781
1263784
1263785
1263787
1263788
1263789
1263793
1263795
1263797
1263799
1263800
1263802
1263804
1263806
1263808
1263809
1263813
1263814
1263815
1263816
1263819
1263821
1263824
1263825
1263827
1263828
1263830
1263831
1263836
1263837
1263838
1263841
1263842
1263845
1263846
1263847
1263848
1263849
1263850
1263854
1263855
1263857
1263858
1263859
1263862
1263863
1263866
1263867
1263869
1263871
1263874
1263875
1263876
1263877
1263879
1263884
1263885
1263886
1263887
1263888
1263890
1263892
1263896
1263899
1263900
1263901
1263902
1263904
1263908
1263909
1263911
1263913
1263914
1263915
1263917
1263918
1263921
1263922
1263923
1263926
1263927
1263930
1263931
1263932
1263934
1263936
1263937
1263939
1263941
1263946
1263948
1263949
1263950
1263951
1263953
1263955
1263956
1263959
1263960
1263961
1263964
1263966
1263969
1263971
1263973
1263975
1263976
1263977
1263981
1263982
1263983
1263987
1263988
1263989
1263991
1263992
1263993
1263994
1263997
1264001
1264002
1264004
1264005
1264008
1264010
1264011
1264012
1264013
1264015
1264017
1264020
1264021
1264023
1264025
1264027
1264028
1264029
1264030
1264033
1264034
1264037
1264038
1264039
1264040
1264044
1264045
1264046
1264049
1264050
1264054
1264056
1264057
1264058
1264060
1264061
1264064
1264065
1264069
1264073
1264074
1264075
1264076
1264077
1264078
1264081
1264083
1264086
1264087
1264088
1264090
1264091
1264092
1264093
1264097
1264098
1264099
1264101
1264102
1264105
1264106
1264107
1264109
1264112
1264113
1264115
1264117
1264119
1264124
1264126
1264128
1264129
1264130
1264133
1264134
1264135
1264138
1264139
1264141
1264142
1264144
1264145
1264147
1264149
1264151
1264152
1264154
1264156
1264157
1264159
1264161
1264164
1264165
1264171
1264172
1264174
1264175
1264176
1264177
1264178
1264179
1264183
1264184
1264185
1264187
1264188
1264190
1264191
1264199
1264201
1264202
1264203
1264205
1264209
1264210
1264212
1264213
1264214
1264216
1264217
1264218
1264221
1264224
1264225
1264226
1264229
1264231
1264235
1264236
1264238
1264239
1264242
1264243
1264245
1264246
1264248
1264249
1264250
1264255
1264256
1264257
1264259
1264261
1264266
1264268
1264269
1264270
1264273
1264274
1264275
1264276
1264277
1264281
1264284
1264288
1264289
1264290
1264291
1264292
1264293
1264296
1264298
1264300
1264302
1264303
1264305
1264306
1264308
1264309
1264312
1264313
1264314
1264317
1264319
1264321
1264322
1264323
1264326
1264328
1264331
1264332
1264333
1264335
1264338
1264339
1264343
1264346
1264347
1264348
1264351
1264353
1264356
1264358
1264359
1264360
1264361
1264362
1264363
1264364
1264366
1264369
1264370
1264373
1264375
1264377
1264378
1264380
1264382
1264383
1264386
1264388
1264389
1264390
1264392
1264396
1264398
1264400
1264401
1264402
1264405
1264407
1264408
1264410
1264412
1264414
1264417
1264420
1264421
1264423
1264425
1264426
1264427
1264428
1264433
1264435
1264437
1264438
1264440
1264441
1264445
1264446
1264448
1264449
1264450
1264451
1264452
1264456
1264458
1264459
1264460
1264462
1264464
1264466
1264469
1264470
1264473
1264474
1264476
1264478
1264479
1264481
1264482
1264483
1264487
1264489
1264491
1264494
1264497
1264498
1264499
1264501
1264502
1264504
1264505
1264507
1264510
1264511
1264512
1264513
1264518
1264522
1264524
1264525
1264526
1264527
1264529
1264531
1264532
1264533
1264538
1264541
1264543
1264544
1264546
1264549
1264550
1264551
1264556
1264557
1264558
1264560
1264562
1264563
1264566
1264567
1264569
1264570
1264571
1264572
1264575
1264576
1264577
1264581
1264582
1264585
1264586
1264588
1264591
1264592
1264593
1264594
1264596
1264597
1264598
1264599
1264603
1264604
1264605
1264606
1264607
1264608
1264609
1264610
1264611
1264613
1264614
1264616
1264618
1264620
1264622
1264623
1264624
1264627
1264628
1264631
1264633
1264635
1264636
1264639
1264640
1264641
1264642
1264644
1264647
1264648
1264650
1264651
1264654
1264655
1264658
1264660
1264663
1264665
1264668
1264670
1264672
1264673
1264675
1264677
1264678
1264679
1264681
1264682
1264684
1264687
1264690
1264691
1264692
1264693
1264696
1264698
1264700
1264702
1264704
1264705
1264706
1264707
1264711
1264714
1264717
1264718
1264719
1264721
1264726
1264727
1264728
1264732
1264734
1264735
1264736
1264737
1264739
1264743
1264744
1264745
1264746
1264747
1264749
1264751
1264753
1264754
1264756
1264758
1264759
1264763
1264765
1264767
1264769
1264773
1264775
1264776
1264777
1264778
1264779
1264781
1264783
1264784
1264786
1264789
1264791
1264792
1264793
1264796
1264798
1264799
1264801
1264805
1264807
1264808
1264810
1264814
1264815
1264817
1264818
1264819
1264821
1264823
1264824
1264827
1264828
1264831
1264833
1264835
1264836
1264837
1264838
1264840
1264842
1264845
1264846
1264848
1264850
1264852
1264855
1264857
1264860
1264861
1264863
1264864
1264865
1264868
1264869
1264872
1264874
1264875
1264876
1264880
1264882
1264884
1264885
1264886
1264887
1264890
1264893
1264894
1264896
1264897
1264898
1264900
1264903
1264904
1264908
1264909
1264911
1264912
1264913
1264914
1264915
1264917
1264919
1264920
1264923
1264925
1264926
1264929
1264932
1264935
1264936
1264937
1264939
1264940
1264944
1264946
1264947
1264948
1264949
1264951
1264952
1264956
1264957
1264958
1264959
1264960
1264963
1264965
1264966
1264971
1264974
1264975
1264978
1264979
1264980
1264982
1264985
1264988
1264989
1264990
1264994
1264996
1264998
1265002
1265003
1265005
1265006
1265010
1265011
1265012
1265014
1265017
1265019
1265020
1265022
1265023
1265024
1265026
1265027
1265028
1265029
1265032
1265033
1265035
1265036
1265039
1265041
1265042
1265044
1265045
1265046
1265049
1265051
1265052
1265053
1265058
1265059
1265060
1265062
1265063
1265065
1265066
1265067
1265070
1265075
1265078
1265080
1265081
1265083
1265084
1265085
1265086
1265087
1265088
1265089
1265093
1265094
1265096
1265097
1265098
1265100
1265103
1265104
1265109
1265110
1265111
1265112
1265114
1265116
1265118
1265120
1265121
1265122
1265127
1265128
1265129
1265130
1265132
1265134
1265135
1265140
1265144
1265145
1265146
1265147
1265149
1265151
1265152
1265153
1265154
1265156
1265157
1265161
1265162
1265163
1265164
1265165
1265168
1265170
1265173
1265174
1265175
1265178
1265179
1265181
1265182
1265185
1265187
1265191
1265193
1265196
1265197
1265199
1265200
1265201
1265203
1265204
1265205
1265206
1265208
1265210
1265212
1265214
1265216
1265217
1265219
1265221
1265222
1265224
1265225
1265226
1265227
1265230
1265231
1265232
1265235
1265237
1265238
1265239
1265240
1265245
1265246
1265248
1265249
1265252
1265254
1265256
1265260
1265261
1265264
1265265
1265266
1265267
1265271
1265273
1265274
1265275
1265277
1265279
1265282
1265283
1265284
1265285
1265286
1265287
1265288
1265290
1265292
1265294
1265295
1265298
1265299
1265300
1265302
1265304
1265306
1265308
1265310
1265311
1265314
1265317
1265320
1265321
1265322
1265325
1265326
1265327
1265329
1265332
1265333
1265336
1265339
1265340
1265341
1265342
1265344
1265348
1265349
1265350
1265352
1265356
1265359
1265362
1265363
1265364
1265365
1265368
1265370
1265371
1265372
1265376
1265377
1265382
1265383
1265388
1265389
1265390
1265391
1265392
1265393
1265394
1265399
1265400
1265401
1265402
1265403
1265406
1265407
1265411
1265413
1265416
1265417
1265419
1265420
1265424
1265425
1265427
1265428
1265429
1265430
1265433
1265434
1265435
1265437
1265438
1265439
1265442
1265443
1265445
1265446
1265449
1265450
1265451
1265454
1265456
1265459
1265460
1265461
1265462
1265464
1265466
1265469
1265470
1265475
1265481
1265482
1265483
1265484
1265486
1265487
1265489
1265491
1265492
1265494
1265496
1265498
1265501
1265502
1265503
1265504
1265508
1265510
1265511
1265513
1265516
1265517
1265518
1265520
1265522
1265523
1265525
1265529
1265530
1265532
1265533
1265535
1265536
1265539
1265541
1265542
1265543
1265547
1265550
1265551
1265552
1265553
1265557
1265558
1265559
1265560
1265564
1265567
1265568
1265569
1265570
1265575
1265576
1265578
1265579
1265580
1265581
1265586
1265590
1265592
1265593
1265594
1265596
1265597
1265598
1265599
1265600
1265605
1265606
1265607
1265608
1265610
1265611
1265615
1265617
1265619
1265620
1265622
1265624
1265626
1265627
1265630
1265633
1265634
1265635
1265637
1265639
1265640
1265642
1265643
1265644
1265650
1265651
1265652
1265653
1265656
1265657
1265660
1265662
1265666
1265667
1265668
1265671
1265672
1265673
1265674
1265675
1265677
1265678
1265679
1265682
1265685
1265687
1265690
1265692
1265693
1265694
1265695
1265696
1265697
1265699
1265700
1265702
1265704
1265705
1265707
1265710
1265711
1265712
1265715
1265717
1265718
1265720
1265721
1265724
1265725
1265726
1265730
1265732
1265734
1265736
1265738
1265739
1265740
1265742
1265744
1265745
1265747
1265748
1265749
1265751
1265754
1265757
1265758
1265760
1265761
1265763
1265767
1265768
1265769
1265770
1265771
1265772
1265773
1265775
1265778
1265779
1265781
1265783
1265784
1265786
1265789
1265790
1265792
1265793
1265795
1265797
1265798
1265802
1265805
1265806
1265807
1265810
1265811
1265813
1265814
1265815
1265817
1265820
1265821
1265825
1265826
1265828
1265830
1265831
1265832
1265834
1265837
1265838
1265839
1265842
1265844
1265845
1265848
1265849
1265851
1265853
1265855
1265858
1265861
1265863
1265865
1265868
1265869
1265870
1265872
1265874
1265875
1265876
1265878
1265880
1265882
1265884
1265886
1265888
1265890
1265892
1265894
1265895
1265897
1265901
1265902
1265903
1265906
1265907
1265909
1265911
1265912
1265913
1265914
1265916
1265921
1265924
1265926
1265927
1265928
1265929
1265931
1265932
1265935
1265936
1265937
1265939
1265942
1265943
1265947
1265949
1265950
1265951
1265952
1265953
1265954
1265957
1265959
1265960
1265964
1265967
1265968
1265970
1265973
1265974
1265976
1265977
1265978
1265979
1265982
1265983
1265984
1265988
1265989
1265992
1265993
1265996
1265997
1265999
1266000
1266001
1266004
1266005
1266010
1266011
1266012
1266013
1266015
1266017
1266019
1266020
1266024
1266025
1266027
1266029
1266031
1266033
1266034
1266037
1266038
1266039
1266040
1266041
1266042
1266043
1266046
1266048
1266052
1266053
1266054
1266055
1266057
1266059
1266061
1266062
1266067
1266068
1266069
1266070
1266071
1266073
1266074
1266077
1266079
1266080
1266083
1266085
1266086
1266088
1266090
1266095
1266096
1266097
1266101
1266104
1266105
1266109
1266111
1266112
1266113
1266114
1266115
1266116
1266118
1266120
1266123
1266124
1266125
1266126
1266127
1266131
1266133
1266136
1266137
1266140
1266141
1266142
1266143
1266145
1266146
1266148
1266149
1266151
1266153
1266155
1266157
1266158
1266161
1266162
1266165
1266166
1266167
1266171
1266172
1266177
1266178
1266179
1266180
1266181
1266184
1266185
1266187
1266188
1266189
1266192
1266193
1266196
1266199
1266200
1266202
1266204
1266205
1266207
1266208
1266211
1266212
1266215
1266216
1266218
1266220
1266223
1266224
1266229
1266230
1266231
1266232
1266233
1266234
1266235
1266238
1266242
1266245
1266246
1266247
1266248
1266249
1266252
1266255
1266257
1266258
1266259
1266260
1266261
1266268
1266269
1266270
1266271
1266273
1266274
1266276
1266277
1266280
1266282
1266283
1266284
1266286
1266287
1266291
1266292
1266294
1266297
1266298
1266300
1266303
1266305
1266306
1266307
1266308
1266309
1266310
1266312
1266314
1266315
1266318
1266319
1266322
1266323
1266325
1266327
1266328
1266331
1266333
1266336
1266337
1266338
1266339
1266343
1266344
1266345
1266348
1266350
1266352
1266354
1266357
1266358
1266360
1266362
1266364
1266365
1266366
1266370
1266372
1266373
1266374
1266375
1266377
1266380
1266383
1266385
1266388
1266389
1266390
1266394
1266395
1266397
1266398
1266401
1266402
1266403
1266405
1266410
1266411
1266412
1266413
1266414
1266416
1266417
1266419
1266420
1266423
1266425
1266426
1266429
1266430
1266432
1266435
1266436
1266439
1266442
1266444
1266445
1266446
1266450
1266451
1266452
1266453
1266454
1266456
1266459
1266460
1266461
1266464
1266466
1266468
1266470
1266472
1266474
1266477
1266478
1266479
1266480
1266481
1266484
1266485
1266487
1266490
1266491
1266493
1266495
1266496
1266499
1266502
1266503
1266508
1266511
1266512
1266513
1266516
1266517
1266518
1266521
1266522
1266525
1266527
1266528
1266529
1266530
1266531
1266533
1266535
1266537
1266540
1266541
1266542
1266544
1266545
1266546
1266547
1266552
1266553
1266555
1266556
1266557
1266558
1266561
1266562
1266564
1266566
1266570
1266571
1266572
1266573
1266575
1266576
1266578
1266580
1266582
1266586
1266587
1266588
1266590
1266591
1266594
1266595
1266597
1266598
1266599
1266603
1266604
1266608
1266609
1266610
1266611
1266614
1266615
1266616
1266620
1266621
1266623
1266625
1266628
1266630
1266631
1266632
1266634
1266635
1266640
1266641
1266643
1266645
1266647
1266649
1266650
1266651
1266653
1266654
1266655
1266656
1266658
1266659
1266662
1266665
1266667
1266668
1266669
1266673
1266674
1266675
1266676
1266678
1266680
1266681
1266685
1266686
1266688
1266689
1266690
1266693
1266694
1266698
1266699
1266700
1266701
1266703
1266705
1266708
1266709
1266711
1266712
1266714
1266715
1266717
1266722
1266723
1266725
1266726
1266728
1266730
1266734
1266736
1266737
1266738
1266739
1266741
1266744
1266745
1266747
1266749
1266750
1266752
1266754
1266758
1266759
1266760
1266761
1266763
1266766
1266769
1266770
1266771
1266772
1266775
1266776
1266780
1266781
1266783
1266784
1266786
1266789
1266790
1266792
1266795
1266796
1266799
1266800
1266801
1266802
1266805
1266808
1266809
1266811
1266813
1266815
1266816
1266818
1266821
1266823
1266824
1266826
1266827
1266828
1266831
1266832
1266836
1266837
1266838
1266839
1266843
1266845
1266846
1266850
1266851
1266853
1266858
1266859
1266861
1266863
1266864
1266865
1266866
1266867
1266869
1266872
1266874
1266877
1266878
1266879
1266883
1266884
1266885
1266886
1266887
1266890
1266891
1266892
1266893
1266899
1266902
1266903
1266904
1266906
1266909
1266910
1266911
1266912
1266914
1266915
1266916
1266920
1266921
1266922
1266928
1266929
1266930
1266931
1266932
1266935
1266937
1266938
1266941
1266942
1266944
1266945
1266948
1266951
1266954
1266955
1266956
1266959
1266960
1266961
1266965
1266966
1266967
1266970
1266971
1266972
1266973
1266974
1266977
1266979
1266980
1266981
1266986
1266987
1266988
1266989
1266991
1266994
1266996
1266998
1267001
1267002
1267005
1267007
1267008
1267010
1267011
1267012
1267017
1267018
1267019
1267020
1267022
1267024
1267029
1267030
1267031
1267032
1267034
1267037
1267038
1267039
1267040
1267042
1267043
1267044
1267049
1267050
1267051
1267054
1267056
1267059
1267060
1267063
1267064
1267065
1267066
1267068
1267069
1267072
1267074
1267077
1267079
1267080
1267082
1267083
1267087
1267088
1267090
1267091
1267092
1267093
1267098
1267100
1267101
1267103
1267104
1267108
1267109
1267110
1267113
1267115
1267116
1267118
1267119
1267122
1267123
1267124
1267127
1267128
1267131
1267132
1267134
1267135
1267136
1267139
1267140
1267141
1267142
1267144
1267149
1267150
1267153
1267154
1267155
1267159
1267160
1267162
1267163
1267164
1267165
1267169
1267170
1267171
1267172
1267175
1267178
1267179
1267180
1267181
1267182
1267183
1267187
1267188
1267191
1267192
1267193
1267194
1267196
1267200
1267201
1267202
1267206
1267209
1267210
1267211
1267212
1267213
1267214
1267216
1267217
1267218
1267220
1267223
1267225
1267226
1267230
1267231
1267233
1267234
1267239
1267241
1267242
1267244
1267248
1267249
1267250
1267251
1267253
1267255
1267256
1267257
1267260
1267261
1267263
1267265
1267267
1267268
1267269
1267270
1267272
1267273
1267277
1267281
1267282
1267283
1267287
1267289
1267290
1267291
1267292
1267293
1267294
1267299
1267300
1267301
1267302
1267304
1267307
1267309
1267310
1267312
1267313
1267316
1267318
1267322
1267323
1267324
1267325
1267326
1267328
1267331
1267333
1267334
1267335
1267336
1267338
1267341
1267342
1267343
1267347
1267348
1267350
1267351
1267354
1267355
1267357
1267360
1267361
1267362
1267364
1267367
1267369
1267370
1267374
1267375
1267376
1267377
1267378
1267382
1267383
1267385
1267386
1267387
1267389
1267393
1267394
1267397
1267399
1267401
1267405
1267406
1267407
1267408
1267409
1267410
1267412
1267414
1267415
1267419
1267420
1267423
1267424
1267425
1267427
1267428
1267431
1267432
1267434
1267435
1267439
1267441
1267444
1267445
1267446
1267448
1267450
1267453
1267454
1267455
1267458
1267460
1267462
1267463
1267467
1267468
1267470
1267471
1267472
1267473
1267474
1267476
1267479
1267480
1267482
1267484
1267485
1267488
1267489
1267492
1267495
1267497
1267499
1267500
1267501
1267502
1267505
1267506
1267507
1267509
1267510
1267514
1267515
1267516
1267520
1267521
1267522
1267524
1267527
1267528
1267530
1267532
1267533
1267535
1267538
1267540
1267543
1267544
1267545
1267546
1267549
1267551
1267552
1267553
1267555
1267558
1267559
1267563
1267564
1267565
1267567
1267568
1267571
1267572
1267573
1267576
1267579
1267580
1267581
1267585
1267586
1267587
1267590
1267591
1267593
1267594
1267597
1267599
1267601
1267602
1267604
1267606
1267608
1267609
1267615
1267616
1267617
1267619
1267620
1267621
1267622
1267623
1267627
1267628
1267631
1267632
1267633
1267635
1267636
1267639
1267640
1267641
1267645
1267648
1267649
1267653
1267654
1267655
1267656
1267657
1267659
1267660
1267661
1267666
1267668
1267669
1267670
1267671
1267672
1267674
1267677
1267678
1267679
1267680
1267683
1267684
1267687
1267688
1267692
1267693
1267697
1267698
1267699
1267700
1267702
1267705
1267706
1267708
1267710
1267711
1267715
1267717
1267718
1267719
1267723
1267724
1267725
1267726
1267728
1267729
1267731
1267734
1267735
1267737
1267739
1267740
1267742
1267744
1267745
1267749
1267751
1267752
1267757
1267760
1267763
1267765
1267766
1267767
1267768
1267769
1267773
1267774
1267775
1267776
1267778
1267779
1267783
1267784
1267785
1267790
1267791
1267792
1267796
1267797
1267798
1267799
1267803
1267804
1267806
1267807
1267810
1267811
1267812
1267814
1267815
1267816
1267818
1267820
1267821
1267825
1267829
1267830
1267831
1267832
1267833
1267836
1267839
1267840
1267841
1267842
1267843
1267846
1267847
1267850
1267853
1267855
1267856
1267857
1267858
1267863
1267864
1267866
1267867
1267869
1267870
1267871
1267874
1267876
1267878
1267881
1267883
1267884
1267886
1267889
1267890
1267891
1267892
1267893
1267897
1267898
1267901
1267902
1267904
1267906
1267909
1267912
1267913
1267914
1267915
1267918
1267921
1267922
1267923
1267924
1267926
1267930
1267931
1267934
1267935
1267937
1267940
1267941
1267942
1267944
1267945
1267947
1267949
1267951
1267952
1267956
1267959
1267960
1267961
1267963
1267966
1267968
1267970
1267971
1267973
1267975
1267977
1267979
1267980
1267981
1267984
1267987
1267988
1267989
1267990
1267991
1267993
1267996
1267997
1267999
1268001
1268003
1268004
1268006
1268008
1268009
1268010
1268011
1268013
1268016
1268019
1268021
1268023
1268025
1268027
1268028
1268029
1268034
1268036
1268037
1268038
1268039
1268040
1268042
1268045
1268047
1268049
1268052
1268053
1268054
1268055
1268057
1268059
1268060
1268061
1268063
1268066
1268067
1268068
1268072
1268073
1268075
1268076
1268080
1268082
1268083
1268084
1268086
1268087
1268089
1268090
1268093
1268094
1268095
1268096
1268098
1268099
1268103
1268104
1268105
1268107
1268109
1268110
1268112
1268113
1268116
1268117
1268119
1268122
1268123
1268125
1268126
1268127
1268132
1268133
1268135
1268136
1268137
1268140
1268141
1268143
1268144
1268147
1268149
1268151
1268152
1268153
1268155
1268157
1268158
1268159
1268162
1268164
1268165
1268167
1268169
1268171
1268172
1268173
1268174
1268177
1268179
1268181
1268182
1268184
1268189
1268191
1268193
1268195
1268198
1268199
1268200
1268201
1268202
1268203
1268205
1268206
1268208
1268209
1268212
1268214
1268218
1268219
1268220
1268221
1268222
1268223
1268224
1268226
1268228
1268229
1268233
1268234
1268235
1268238
1268240
1268241
1268244
1268245
1268249
1268250
1268251
1268252
1268253
1268255
1268257
1268260
1268261
1268263
1268264
1268267
1268268
1268270
1268271
1268275
1268277
1268278
1268280
1268281
1268282
1268283
1268286
1268287
1268288
1268289
1268292
1268295
1268296
1268297
1268298
1268299
1268304
1268305
1268306
1268307
1268308
1268309
1268314
1268315
1268319
1268320
1268321
1268326
1268327
1268328
1268329
1268330
1268332
1268334
1268335
1268336
1268337
1268341
1268342
1268344
1268346
1268350
1268351
1268352
1268354
1268357
1268358
1268359
1268360
1268363
1268366
1268368
1268369
1268370
1268371
1268373
1268374
1268375
1268379
1268380
1268382
1268383
1268384
1268385
1268392
1268394
1268395
1268396
1268397
1268400
1268401
1268403
1268404
1268405
1268407
1268408
1268409
1268412
1268414
1268416
1268418
1268419
1268420
1268425
1268427
1268428
1268429
1268430
1268432
1268435
1268436
1268437
1268439
1268440
1268443
1268444
1268447
1268448
1268449
1268451
1268453
1268455
1268456
1268457
1268461
1268463
1268464
1268468
1268471
1268472
1268473
1268474
1268475
1268477
1268481
1268482
1268485
1268486
1268487
1268489
1268490
1268491
1268492
1268493
1268496
1268499
1268501
1268504
1268505
1268506
1268507
1268511
1268512
1268513
1268515
1268519
1268520
1268522
1268523
1268524
1268525
1268527
1268528
1268530
1268533
1268534
1268535
1268538
1268541
1268542
1268544
1268545
1268546
1268548
1268551
1268554
1268555
1268558
1268559
1268560
1268561
1268563
1268568
1268569
1268570
1268571
1268574
1268576
1268578
1268581
1268582
1268584
1268585
1268586
1268587
1268588
1268590
1268592
1268594
1268596
1268598
1268599
1268601
1268602
1268606
1268607
1268610
1268611
1268613
1268616
1268618
1268619
1268622
1268623
1268624
1268625
1268627
1268628
1268631
1268634
1268635
1268636
1268638
1268642
1268643
1268645
1268646
1268647
1268648
1268650
1268652
1268656
1268657
1268658
1268660
1268661
1268663
1268666
1268668
1268669
1268670
1268671
1268677
1268678
1268679
1268680
1268683
1268685
1268686
1268689
1268693
1268694
1268695
1268696
1268697
1268700
1268702
1268703
1268704
1268705
1268706
1268708
1268710
1268715
1268716
1268718
1268719
1268720
1268721
1268723
1268726
1268729
1268730
1268731
1268732
1268737
1268738
1268739
1268740
1268741
1268743
1268744
1268746
1268748
1268751
1268752
1268754
1268756
1268757
1268760
1268761
1268762
1268763
1268764
1268767
1268768
1268770
1268772
1268773
1268778
1268779
1268780
1268781
1268782
1268783
1268786
1268787
1268788
1268789
1268790
1268792
1268795
1268796
1268798
1268799
1268800
1268804
1268805
1268809
1268812
1268814
1268815
1268816
1268818
1268819
1268820
1268822
1268825
1268826
1268829
1268832
1268834
1268835
1268837
1268838
1268839
1268841
1268843
1268844
1268846
1268849
1268851
1268852
1268853
1268857
1268858
1268859
1268860
1268861
1268862
1268867
1268868
1268869
1268870
1268871
1268873
1268874
1268877
1268879
1268881
1268882
1268886
1268889
1268890
1268891
1268892
1268894
1268895
1268896
1268900
1268901
1268904
1268905
1268906
1268907
1268909
1268910
1268912
1268914
1268915
1268916
1268918
1268921
1268922
1268924
1268925
1268928
1268929
1268931
1268933
1268934
1268937
1268941
1268942
1268943
1268945
1268946
1268947
1268949
1268952
1268954
1268955
1268957
1268960
1268961
1268962
1268964
1268967
1268968
1268969
1268972
1268974
1268975
1268978
1268979
1268981
1268982
1268984
1268985
1268987
1268989
1268990
1268993
1268995
1268996
1268998
1268999
1269004
1269005
1269006
1269007
1269008
1269010
1269012
1269013
1269014
1269017
1269019
1269021
1269022
1269024
1269026
1269029
1269030
1269031
1269032
1269037
1269039
1269041
1269042
1269044
1269047
1269048
1269049
1269050
1269055
1269056
1269057
1269058
1269059
1269060
1269061
1269063
1269065
1269069
1269071
1269072
1269073
1269075
1269076
1269077
1269081
1269082
1269084
1269086
1269087
1269088
1269090
1269091
1269093
1269094
1269095
1269098
1269100
1269103
1269105
1269107
1269109
1269110
1269114
1269115
1269118
1269119
1269120
1269122
1269125
1269127
1269128
1269129
1269130
1269133
1269134
1269135
1269136
1269138
1269142
1269143
1269147
1269148
1269149
1269150
1269151
1269153
1269156
1269158
1269159
1269164
1269165
1269166
1269167
1269168
1269171
1269172
1269173
1269174
1269178
1269181
1269182
1269183
1269184
1269185
1269188
1269189
1269192
1269195
1269196
1269197
1269198
1269199
1269201
1269204
1269207
1269208
1269210
1269211
1269214
1269215
1269217
1269218
1269221
1269222
1269226
1269228
1269229
1269231
1269233
1269234
1269236
1269237
1269238
1269239
1269243
1269244
1269246
1269247
1269248
1269251
1269252
1269255
1269257
1269260
1269262
1269264
1269265
1269266
1269269
1269270
1269272
1269273
1269274
1269276
1269278
1269280
1269282
1269283
1269284
1269285
1269286
1269289
1269291
1269293
1269294
1269295
1269296
1269299
1269301
1269303
1269306
1269309
1269311
1269312
1269313
1269316
1269319
1269320
1269321
1269322
1269323
1269324
1269327
1269329
1269330
1269335
1269336
1269338
1269339
1269341
1269342
1269343
1269344
1269346
1269347
1269348
1269352
1269353
1269354
1269357
1269360
1269361
1269364
1269365
1269367
1269370
1269371
1269376
1269377
1269378
1269379
1269381
1269384
1269385
1269386
1269387
1269388
1269389
1269390
1269394
1269395
1269396
1269398
1269400
1269401
1269404
1269405
1269408
1269409
1269410
1269412
1269414
1269415
1269416
1269421
1269422
1269423
1269424
1269426
1269428
1269431
1269433
1269434
1269435
1269436
1269439
1269441
1269442
1269445
1269447
1269449
1269450
1269452
1269454
1269455
1269457
1269458
1269459
1269461
1269463
1269467
1269469
1269470
1269471
1269473
1269476
1269477
1269480
1269481
1269482
1269483
1269487
1269489
1269490
1269491
1269492
1269493
1269496
1269497
1269501
1269502
1269503
1269506
1269507
1269508
1269510
1269512
1269515
1269516
1269518
1269519
1269522
1269524
1269525
1269529
1269532
1269533
1269535
1269536
1269537
1269541
1269542
1269543
1269546
1269548
1269549
1269552
1269553
1269556
1269557
1269558
1269560
1269562
1269563
1269564
1269568
1269569
1269571
1269572
1269573
1269574
1269575
1269576
1269579
1269581
1269583
1269587
1269589
1269590
1269591
1269592
1269593
1269596
1269597
1269598
1269601
1269603
1269604
1269607
1269609
1269610
1269611
1269614
1269615
1269616
1269617
1269619
1269621
1269625
1269626
1269627
1269628
1269631
1269633
1269634
1269635
1269636
1269639
1269640
1269641
1269645
1269649
1269650
1269651
1269652
1269654
1269656
1269657
1269658
1269659
1269662
1269663
1269667
1269671
1269672
1269673
1269674
1269675
1269676
1269678
1269681
1269683
1269684
1269686
1269688
1269691
1269692
1269693
1269694
1269695
1269701
1269703
1269704
1269705
1269708
1269709
1269711
1269713
1269717
1269718
1269720
1269722
1269723
1269724
1269730
1269731
1269732
1269733
1269734
1269735
1269736
1269739
1269741
1269742
1269743
1269744
1269746
1269748
1269750
1269753
1269754
1269755
1269756
1269761
1269763
1269765
1269766
1269768
1269769
1269771
1269772
1269773
1269778
1269781
1269782
1269784
1269785
1269788
1269790
1269791
1269792
1269793
1269795
1269796
1269798
1269801
1269802
1269803
1269804
1269806
1269808
1269809
1269811
1269813
1269815
1269816
1269817
1269818
1269823
1269824
1269827
1269829
1269830
1269831
1269834
1269835
1269839
1269840
1269841
1269842
1269844
1269846
1269847
1269849
1269850
1269853
1269855
1269857
1269861
1269864
1269865
1269866
1269867
1269869
1269870
1269871
1269873
1269874
1269877
1269879
1269880
1269881
1269885
1269886
1269887
1269888
1269890
1269893
1269894
1269895
1269898
1269900
1269901
1269905
1269907
1269908
1269909
1269912
1269913
1269915
1269918
1269920
1269923
1269924
1269925
1269927
1269928
1269929
1269933
1269934
1269936
1269938
1269939
1269941
1269942
1269944
1269947
1269948
1269949
1269951
1269952
1269954
1269956
1269957
1269958
1269959
1269962
1269965
1269966
1269967
1269968
1269969
1269973
1269975
1269976
1269977
1269979
1269982
1269984
1269985
1269986
1269987
1269991
1269993
1269995
1269999
1270000
